tensor([[[-0.2210, -0.8795],
         [-0.2175, -0.8694],
         [-0.2081, -0.8416],
         ...,
         [ 0.1478,  0.4715],
         [ 0.1459,  0.4798],
         [ 0.1450,  0.4829]],

        [[-0.2210, -0.8795],
         [-0.2190, -0.8704],
         [-0.2133, -0.8455],
         ...,
         [ 0.1444,  0.4744],
         [ 0.1449,  0.4806],
         [ 0.1450,  0.4829]],

        [[-0.2210, -0.8795],
         [-0.2186, -0.8722],
         [-0.2119, -0.8517],
         ...,
         [ 0.1493,  0.4716],
         [ 0.1463,  0.4799],
         [ 0.1450,  0.4829]],

        ...,

        [[-0.5047,  0.1404],
         [-0.4983,  0.1388],
         [-0.4806,  0.1338],
         ...,
         [ 0.8874, -0.7232],
         [ 0.8894, -0.7146],
         [ 0.8899, -0.7114]],

        [[-0.5047,  0.1404],
         [-0.4876,  0.1346],
         [-0.4434,  0.1166],
         ...,
         [ 0.8655, -0.7509],
         [ 0.8838, -0.7229],
         [ 0.8899, -0.7114]],

        [[-0.5047,  0.1404],
         [-0.4970,  0.1361],
         [-0.4759,  0.1241],
         ...,
         [ 0.8763, -0.7367],
         [ 0.8865, -0.7185],
         [ 0.8899, -0.7114]]])