tensor([[[ 0.9047,  0.3907],
         [ 0.8946,  0.3882],
         [ 0.8671,  0.3807],
         ...,
         [-0.5490, -0.0791],
         [-0.5488, -0.0803],
         [-0.5487, -0.0808]],

        [[ 0.9047,  0.3907],
         [ 0.8998,  0.3882],
         [ 0.8862,  0.3811],
         ...,
         [-0.5451, -0.0991],
         [-0.5479, -0.0857],
         [-0.5487, -0.0808]],

        [[ 0.9047,  0.3907],
         [ 0.8974,  0.3885],
         [ 0.8771,  0.3825],
         ...,
         [-0.5436, -0.0718],
         [-0.5474, -0.0784],
         [-0.5487, -0.0808]],

        ...,

        [[ 0.7542, -0.9540],
         [ 0.7541, -0.9478],
         [ 0.7539, -0.9305],
         ...,
         [ 0.8787,  0.3624],
         [ 0.8875,  0.3628],
         [ 0.8907,  0.3628]],

        [[ 0.7542, -0.9540],
         [ 0.7538, -0.9495],
         [ 0.7531, -0.9368],
         ...,
         [ 0.8771,  0.3515],
         [ 0.8870,  0.3599],
         [ 0.8907,  0.3628]],

        [[ 0.7542, -0.9540],
         [ 0.7535, -0.9477],
         [ 0.7516, -0.9301],
         ...,
         [ 0.8765,  0.3437],
         [ 0.8868,  0.3577],
         [ 0.8907,  0.3628]]], device='cuda:0')